test sort
1, 2, 3, 5, 
========================================================
sum1, sum2, sum = 505, 505, 505
	92	99	1	8	15	67	74	26	58	65
	98	80	7	14	16	73	55	32	64	66
	4	6	88	95	22	54	56	38	70	72
	85	87	19	21	3	60	62	44	71	53
	86	93	25	2	[31m9[0m	[31m61[0m	68	50	52	59
	17	24	76	83	[31m90[0m	[31m42[0m	49	51	33	40
	23	5	82	89	91	48	30	57	39	41
	79	81	13	20	97	29	31	63	45	47
	10	12	94	96	78	35	37	69	46	28
	11	18	100	77	84	36	43	75	27	34
aT: 
	92	98	4	85	86	17	23	79	10	11
	99	80	6	87	93	24	5	81	12	18
	1	7	88	19	25	76	82	13	94	100
	8	14	95	21	2	83	89	20	96	77
	15	16	22	3	9	90	91	97	78	84
	67	73	54	60	61	42	48	29	35	36
	74	55	56	62	68	49	30	31	37	43
	26	32	38	44	50	51	57	63	69	75
	58	64	70	71	52	33	39	45	46	27
	65	66	72	53	59	40	41	47	28	34
0, 9, 5, 4, end
Not Find result
c1, c2, c3, c4 = 9, 61, 90, 42
c1 start........................
swap:(3, 2)-->(4, 4)
after swap: 
	92	99	1	8	15	67	74	26	58	65
	98	80	7	14	16	73	55	32	64	66
	4	6	88	95	22	54	56	38	70	72
	85	87	9	21	3	60	62	44	71	53
	86	93	25	2	[31m19[0m	[31m61[0m	68	50	52	59
	17	24	76	83	[31m90[0m	[31m42[0m	49	51	33	40
	23	5	82	89	91	48	30	57	39	41
	79	81	13	20	97	29	31	63	45	47
	10	12	94	96	78	35	37	69	46	28
	11	18	100	77	84	36	43	75	27	34
nDstNum, nSrcNum, nTag: 9, 19, 0
x, y, dstX, dstY = 3,2,4,4
vecElem.size: 8
SubElem size:255
nSrcIndex, nDstIndex: 3, 4
	92	99	1	8	15	67	74	26	58	65
	98	80	7	14	16	73	55	32	64	66
	4	6	88	95	22	54	56	38	70	72
	85	87	9	21	3	60	62	44	71	53
	86	93	25	2	19	61	68	50	52	59
	17	24	76	83	90	42	49	51	33	40
	23	5	82	89	91	48	30	57	39	41
	79	81	13	20	97	29	31	63	45	47
	10	12	94	96	78	35	37	69	46	28
	11	18	100	77	84	36	43	75	27	34
{ new sub set: 7, {1, 2, 5, 6, 7, 8, 9, }
	j=0
n1, n2, check: 3, 1, 0
n, sub = 8, -10
85, 98
87, 80
9, 7
21, 14
62, 55
44, 32
71, 64
53, 66
Sub size: 255
find sun cost time: 0(s)
coupute_col, size: 5, result is: 0, 2, 6, 8, 9, 
	size = 5
1	j=1
n1, n2, check: 1, 2, 0
n, sub = 8, -10
85, 4
80, 6
9, 88
14, 95
62, 56
32, 38
71, 70
53, 72
Sub size: 255
find sun cost time: 1(s)
coupute_col, size: 0, result is: 
	size = 0
2	j=2
n1, n2, check: 1, 5, 0
n, sub = 8, -10
85, 17
80, 24
9, 76
14, 83
62, 49
32, 51
71, 33
53, 40
Sub size: 255
find sun cost time: 0(s)
coupute_col, size: 0, result is: 
	size = 0
5	j=3
n1, n2, check: 1, 6, 0
n, sub = 8, -10
85, 23
80, 5
9, 82
14, 89
62, 30
32, 57
71, 39
53, 41
Sub size: 255
find sun cost time: 1(s)
coupute_col, size: 0, result is: 
	size = 0
6	j=4
n1, n2, check: 1, 7, 0
n, sub = 8, -10
85, 79
80, 81
9, 13
14, 20
62, 31
32, 63
71, 45
53, 47
Sub size: 255
find sun cost time: 1(s)
coupute_col, size: 0, result is: 
	size = 0
7	j=5
n1, n2, check: 1, 8, 0
n, sub = 8, -10
85, 10
80, 12
9, 94
14, 96
62, 37
32, 69
71, 46
53, 28
Sub size: 255
find sun cost time: 0(s)
coupute_col, size: 0, result is: 
	size = 0
8	j=6
n1, n2, check: 1, 9, 0
n, sub = 8, -10
85, 11
80, 18
9, 100
14, 77
62, 43
32, 75
71, 27
53, 34
Sub size: 255
find sun cost time: 1(s)
coupute_col, size: 0, result is: 
	size = 0
9 }
n, sub = 8, -10
85, 86
80, 93
9, 25
14, 2
62, 68
32, 50
71, 52
53, 59
Sub size: 255
find sun cost time: 0(s)
coupute_col, size: 3, result is: 2, 3, 9, 
I Find it at last!!!
FindResult: 1, nRrcNum: 19, size: 3
	92	99	1	8	15	67	74	26	58	65
	85	80	25	2	16	73	62	32	71	59
	4	6	88	95	22	54	56	38	70	72
	98	87	7	21	3	60	55	44	64	66
	86	93	9	14	[31m19[0m	[31m61[0m	68	50	52	53
	17	24	76	83	[31m90[0m	[31m42[0m	49	51	33	40
	23	5	82	89	91	48	30	57	39	41
	79	81	13	20	97	29	31	63	45	47
	10	12	94	96	78	35	37	69	46	28
	11	18	100	77	84	36	43	75	27	34
After check is: 0, nTag = 0
nDstNum, nSrcNum, nTag: 9, 19, 1
x, y, dstX, dstY = 3,2,4,4
vecElem.size: 8
SubElem size:255
nSrcIndex, nDstIndex: 2, 4
	92	85	4	98	86	17	23	79	10	11
	99	80	6	87	93	24	5	81	12	18
	1	25	88	7	9	76	82	13	94	100
	8	2	95	21	14	83	89	20	96	77
	15	16	22	3	19	90	91	97	78	84
	67	73	54	60	61	42	48	29	35	36
	74	62	56	55	68	49	30	31	37	43
	26	32	38	44	50	51	57	63	69	75
	58	71	70	64	52	33	39	45	46	27
	65	59	72	66	53	40	41	47	28	34
{ new sub set: 7, {1, 3, 5, 6, 7, 8, 9, }
	j=0
n1, n2, check: 2, 1, 0
n, sub = 8, -10
1, 99
25, 80
88, 6
7, 87
82, 5
13, 81
94, 12
100, 18
Sub size: 255
find sun cost time: 1(s)
coupute_col, size: 0, result is: 
	size = 0
1	j=1
n1, n2, check: 2, 3, 0
n, sub = 8, -10
1, 8
25, 2
88, 95
7, 21
82, 89
13, 20
94, 96
100, 77
Sub size: 255
find sun cost time: 0(s)
coupute_col, size: 0, result is: 
	size = 0
3	j=2
n1, n2, check: 2, 5, 0
n, sub = 8, -10
1, 67
25, 73
88, 54
7, 60
82, 48
13, 29
94, 35
100, 36
Sub size: 255
find sun cost time: 1(s)
coupute_col, size: 3, result is: 3, 7, 8, 
	size = 3
5	j=3
n1, n2, check: 5, 6, 0
n, sub = 8, -10
67, 74
73, 62
54, 56
7, 55
48, 30
13, 31
94, 37
36, 43
Sub size: 255
find sun cost time: 0(s)
coupute_col, size: 0, result is: 
	size = 0
6	j=4
n1, n2, check: 5, 7, 0
n, sub = 8, -10
67, 26
73, 32
54, 38
7, 44
48, 57
13, 63
94, 69
36, 75
Sub size: 255
find sun cost time: 1(s)
coupute_col, size: 0, result is: 
	size = 0
7	j=5
n1, n2, check: 5, 8, 0
n, sub = 8, -10
67, 58
73, 71
54, 70
7, 64
48, 39
13, 45
94, 46
36, 27
Sub size: 255
find sun cost time: 1(s)
coupute_col, size: 0, result is: 
	size = 0
8	j=6
n1, n2, check: 5, 9, 0
n, sub = 8, -10
67, 65
73, 59
54, 72
7, 66
48, 41
13, 47
94, 28
36, 34
Sub size: 255
find sun cost time: 0(s)
coupute_col, size: 0, result is: 
	size = 0
9 }
n, sub = 8, -10
67, 15
73, 16
54, 22
7, 3
48, 91
13, 97
94, 78
36, 84
Sub size: 255
find sun cost time: 1(s)
coupute_col, size: 0, result is: 
{ new sub set: 6, {3, 5, 6, 7, 8, 9, }
	j=0
n1, n2, check: 2, 3, 0
n, sub = 8, -10
1, 8
25, 2
88, 95
7, 21
82, 89
13, 20
94, 96
100, 77
Sub size: 255
find sun cost time: 0(s)
coupute_col, size: 0, result is: 
	size = 0
3	j=1
n1, n2, check: 2, 5, 0
n, sub = 8, -10
1, 67
25, 73
88, 54
7, 60
82, 48
13, 29
94, 35
100, 36
Sub size: 255
find sun cost time: 1(s)
coupute_col, size: 3, result is: 3, 7, 8, 
	size = 3
5	j=2
n1, n2, check: 5, 6, 0
n, sub = 8, -10
67, 74
73, 62
54, 56
7, 55
48, 30
13, 31
94, 37
36, 43
Sub size: 255
find sun cost time: 0(s)
coupute_col, size: 0, result is: 
	size = 0
6	j=3
n1, n2, check: 5, 7, 0
n, sub = 8, -10
67, 26
73, 32
54, 38
7, 44
48, 57
13, 63
94, 69
36, 75
Sub size: 255
find sun cost time: 1(s)
coupute_col, size: 0, result is: 
	size = 0
7	j=4
n1, n2, check: 5, 8, 0
n, sub = 8, -10
67, 58
73, 71
54, 70
7, 64
48, 39
13, 45
94, 46
36, 27
Sub size: 255
find sun cost time: 1(s)
coupute_col, size: 0, result is: 
	size = 0
8	j=5
n1, n2, check: 5, 9, 0
n, sub = 8, -10
67, 65
73, 59
54, 72
7, 66
48, 41
13, 47
94, 28
36, 34
Sub size: 255
find sun cost time: 0(s)
coupute_col, size: 0, result is: 
	size = 0
9 }
n, sub = 8, -10
67, 15
73, 16
54, 22
7, 3
48, 91
13, 97
94, 78
36, 84
Sub size: 255
find sun cost time: 1(s)
coupute_col, size: 0, result is: 
{ new sub set: 5, {5, 6, 7, 8, 9, }
	j=0
n1, n2, check: 2, 5, 0
n, sub = 8, -10
1, 67
25, 73
88, 54
7, 60
82, 48
13, 29
94, 35
100, 36
Sub size: 255
find sun cost time: 0(s)
coupute_col, size: 3, result is: 3, 7, 8, 
	size = 3
5	j=1
n1, n2, check: 5, 6, 0
n, sub = 8, -10
67, 74
73, 62
54, 56
7, 55
48, 30
13, 31
94, 37
36, 43
Sub size: 255
find sun cost time: 1(s)
coupute_col, size: 0, result is: 
	size = 0
6	j=2
n1, n2, check: 5, 7, 0
n, sub = 8, -10
67, 26
73, 32
54, 38
7, 44
48, 57
13, 63
94, 69
36, 75
Sub size: 255
find sun cost time: 1(s)
coupute_col, size: 0, result is: 
	size = 0
7	j=3
n1, n2, check: 5, 8, 0
n, sub = 8, -10
67, 58
73, 71
54, 70
7, 64
48, 39
13, 45
94, 46
36, 27
Sub size: 255
find sun cost time: 0(s)
coupute_col, size: 0, result is: 
	size = 0
8	j=4
n1, n2, check: 5, 9, 0
n, sub = 8, -10
67, 65
73, 59
54, 72
7, 66
48, 41
13, 47
94, 28
36, 34
Sub size: 255
find sun cost time: 1(s)
coupute_col, size: 0, result is: 
	size = 0
9 }
n, sub = 8, -10
67, 15
73, 16
54, 22
7, 3
48, 91
13, 97
94, 78
36, 84
Sub size: 255
find sun cost time: 0(s)
coupute_col, size: 0, result is: 
{ new sub set: 4, {6, 7, 8, 9, }
	j=0
n1, n2, check: 2, 6, 0
n, sub = 8, -10
1, 74
25, 62
88, 56
7, 55
82, 30
13, 31
94, 37
100, 43
Sub size: 255
find sun cost time: 1(s)
coupute_col, size: 7, result is: 0, 1, 3, 6, 7, 8, 9, 
	size = 7
6	j=1
n1, n2, check: 6, 7, 0
n, sub = 8, -10
1, 26
25, 32
56, 38
7, 44
82, 57
13, 63
94, 69
100, 75
Sub size: 255
find sun cost time: 1(s)
coupute_col, size: 0, result is: 
	size = 0
7	j=2
n1, n2, check: 6, 8, 0
n, sub = 8, -10
1, 58
25, 71
56, 70
7, 64
82, 39
13, 45
94, 46
100, 27
Sub size: 255
find sun cost time: 0(s)
coupute_col, size: 0, result is: 
	size = 0
8	j=3
n1, n2, check: 6, 9, 0
n, sub = 8, -10
1, 65
25, 59
56, 72
7, 66
82, 41
13, 47
94, 28
100, 34
Sub size: 255
find sun cost time: 1(s)
coupute_col, size: 0, result is: 
	size = 0
9 }
n, sub = 8, -10
1, 15
25, 16
56, 22
7, 3
82, 91
13, 97
94, 78
100, 84
Sub size: 255
find sun cost time: 0(s)
coupute_col, size: 2, result is: 0, 3, 
I Find it at last!!!
FindResult: 1, nRrcNum: 19, size: 2
	92	99	74	8	1	67	15	26	58	65
	85	80	62	2	16	73	25	32	71	59
	4	6	88	95	22	54	56	38	70	72
	98	87	55	21	7	60	3	44	64	66
	86	93	9	14	[31m19[0m	[31m61[0m	68	50	52	53
	17	24	76	83	[31m90[0m	[31m42[0m	49	51	33	40
	23	5	30	89	91	48	82	57	39	41
	79	81	31	20	97	29	13	63	45	47
	10	12	37	96	78	35	94	69	46	28
	11	18	43	77	84	36	100	75	27	34
After check is: 1, nTag = 1
c2 start........................
c3 start........................
c4 start........................
sum1, sum2, sum = 567, 471, 505
After all check is: 0
Additon start......... 
start process positive diagnol ... 
After sort is: 
4, 3, 9, 5, 8, 7, 1, 6, 2, 0, 
	92	99	74	8	1	67	15	26	58	65
	85	80	62	2	16	73	25	32	71	59
	4	6	88	95	22	54	56	38	70	72
	98	87	55	21	7	60	3	44	64	66
	86	93	9	14	[31m19[0m	[31m61[0m	68	50	52	53
	17	24	76	83	[31m90[0m	[31m42[0m	49	51	33	40
	23	5	30	89	91	48	82	57	39	41
	79	81	31	20	97	29	13	63	45	47
	10	12	37	96	78	35	94	69	46	28
	11	18	43	77	84	36	100	75	27	34
Not Find the end!
start process negative diagnol ... 
After sort is: 
3, 9, 8, 7, 2, 4, 0, 1, 6, 5, 
	92	99	74	8	1	67	15	26	58	65
	85	80	62	2	16	73	25	32	71	59
	4	6	88	95	22	54	56	38	70	72
	98	87	55	21	7	60	3	44	64	66
	86	93	9	14	[31m19[0m	[31m61[0m	68	50	52	53
	17	24	76	83	[31m90[0m	[31m42[0m	49	51	33	40
	23	5	30	89	91	48	82	57	39	41
	79	81	31	20	97	29	13	63	45	47
	10	12	37	96	78	35	94	69	46	28
	11	18	43	77	84	36	100	75	27	34
Not Find the end!
sum1, sum2, sum = 567, 471, 505
After all check is: 0
