test sort
1, 2, 3, 5, 
========================================================
sum1, sum2, sum = 505, 505, 505
	92	99	1	8	15	67	74	26	58	65
	98	80	7	14	16	73	55	32	64	66
	4	6	88	95	22	54	56	38	70	72
	85	87	19	21	3	60	62	44	71	53
	86	93	25	2	[31m9[0m	[31m61[0m	68	50	52	59
	17	24	76	83	[31m90[0m	[31m42[0m	49	51	33	40
	23	5	82	89	91	48	30	57	39	41
	79	81	13	20	97	29	31	63	45	47
	10	12	94	96	78	35	37	69	46	28
	11	18	100	77	84	36	43	75	27	34
aT: 
	92	98	4	85	86	17	23	79	10	11
	99	80	6	87	93	24	5	81	12	18
	1	7	88	19	25	76	82	13	94	100
	8	14	95	21	2	83	89	20	96	77
	15	16	22	3	9	90	91	97	78	84
	67	73	54	60	61	42	48	29	35	36
	74	55	56	62	68	49	30	31	37	43
	26	32	38	44	50	51	57	63	69	75
	58	64	70	71	52	33	39	45	46	27
	65	66	72	53	59	40	41	47	28	34
0, 9, 5, 4, end
Not Find result
c1, c2, c3, c4 = 9, 61, 90, 42
c1 start........................
swap:(3, 2)-->(4, 4)
after swap: 
	92	99	1	8	15	67	74	26	58	65
	98	80	7	14	16	73	55	32	64	66
	4	6	88	95	22	54	56	38	70	72
	85	87	9	21	3	60	62	44	71	53
	86	93	25	2	[31m19[0m	[31m61[0m	68	50	52	59
	17	24	76	83	[31m90[0m	[31m42[0m	49	51	33	40
	23	5	82	89	91	48	30	57	39	41
	79	81	13	20	97	29	31	63	45	47
	10	12	94	96	78	35	37	69	46	28
	11	18	100	77	84	36	43	75	27	34
nDstNum, nSrcNum, nTag: 9, 19, 0
x, y, dstX, dstY = 3,2,4,4
vecElem.size: 8
SubElem size:255
nSrcIndex, nDstIndex: 3, 4
	92	99	1	8	15	67	74	26	58	65
	98	80	7	14	16	73	55	32	64	66
	4	6	88	95	22	54	56	38	70	72
	85	87	9	21	3	60	62	44	71	53
	86	93	25	2	19	61	68	50	52	59
	17	24	76	83	90	42	49	51	33	40
	23	5	82	89	91	48	30	57	39	41
	79	81	13	20	97	29	31	63	45	47
	10	12	94	96	78	35	37	69	46	28
	11	18	100	77	84	36	43	75	27	34
, nSumA = 294, nSumB = 304,sub = -10
, nSumA = 119, nSumB = 129,sub = -10
I Find it at last!!!
FindResult: 1, nRrcNum: 19, size: 4
	92	87	25	2	15	67	62	50	52	53
	98	80	7	14	16	73	55	32	64	66
	4	6	88	95	22	54	56	38	70	72
	85	99	9	8	3	60	74	44	58	65
	86	93	1	21	[31m19[0m	[31m61[0m	68	26	71	59
	17	24	76	83	[31m90[0m	[31m42[0m	49	51	33	40
	23	5	82	89	91	48	30	57	39	41
	79	81	13	20	97	29	31	63	45	47
	10	12	94	96	78	35	37	69	46	28
	11	18	100	77	84	36	43	75	27	34
After check is: 0, nTag = 0
nDstNum, nSrcNum, nTag: 9, 19, 1
x, y, dstX, dstY = 3,2,4,4
vecElem.size: 8
SubElem size:255
nSrcIndex, nDstIndex: 2, 4
	92	98	4	85	86	17	23	79	10	11
	87	80	6	99	93	24	5	81	12	18
	25	7	88	9	1	76	82	13	94	100
	2	14	95	8	21	83	89	20	96	77
	15	16	22	3	19	90	91	97	78	84
	67	73	54	60	61	42	48	29	35	36
	62	55	56	74	68	49	30	31	37	43
	50	32	38	44	26	51	57	63	69	75
	52	64	70	58	71	33	39	45	46	27
	53	66	72	65	59	40	41	47	28	34
, nSumA = 214, nSumB = 224,sub = -10
, nSumA = 208, nSumB = 218,sub = -10
I Find it at last!!!
FindResult: 1, nRrcNum: 19, size: 4
	15	87	92	2	25	67	62	50	52	53
	7	80	98	14	16	73	55	32	64	66
	22	6	88	95	4	54	56	38	70	72
	85	99	9	8	3	60	74	44	58	65
	86	93	1	21	[31m19[0m	[31m61[0m	68	26	71	59
	17	24	76	83	[31m90[0m	[31m42[0m	49	51	33	40
	82	5	23	89	91	48	30	57	39	41
	97	81	13	20	79	29	31	63	45	47
	10	12	94	96	78	35	37	69	46	28
	84	18	11	77	100	36	43	75	27	34
After check is: 1, nTag = 1
c2 start........................
swap:(2, 2)-->(4, 5)
after swap: 
	15	87	92	2	25	67	62	50	52	53
	7	80	98	14	16	73	55	32	64	66
	22	6	61	95	4	54	56	38	70	72
	85	99	9	8	3	60	74	44	58	65
	86	93	1	21	[31m19[0m	[31m88[0m	68	26	71	59
	17	24	76	83	[31m90[0m	[31m42[0m	49	51	33	40
	82	5	23	89	91	48	30	57	39	41
	97	81	13	20	79	29	31	63	45	47
	10	12	94	96	78	35	37	69	46	28
	84	18	11	77	100	36	43	75	27	34
nDstNum, nSrcNum, nTag: 61, 88, 0
x, y, dstX, dstY = 2,2,4,5
vecElem.size: 8
SubElem size:255
nSrcIndex, nDstIndex: 2, 4
	15	87	92	2	25	67	62	50	52	53
	7	80	98	14	16	73	55	32	64	66
	22	6	61	95	4	54	56	38	70	72
	85	99	9	8	3	60	74	44	58	65
	86	93	1	21	19	88	68	26	71	59
	17	24	76	83	90	42	49	51	33	40
	82	5	23	89	91	48	30	57	39	41
	97	81	13	20	79	29	31	63	45	47
	10	12	94	96	78	35	37	69	46	28
	84	18	11	77	100	36	43	75	27	34
, nSumA = 67, nSumB = 94,sub = -27
I Find it at last!!!
FindResult: 1, nRrcNum: 88, size: 2
	15	87	92	2	25	67	62	50	52	53
	7	80	98	14	16	73	55	32	64	66
	22	93	1	95	4	54	56	38	70	72
	85	99	9	8	3	60	74	44	58	65
	86	6	61	21	[31m19[0m	[31m88[0m	68	26	71	59
	17	24	76	83	[31m90[0m	[31m42[0m	49	51	33	40
	82	5	23	89	91	48	30	57	39	41
	97	81	13	20	79	29	31	63	45	47
	10	12	94	96	78	35	37	69	46	28
	84	18	11	77	100	36	43	75	27	34
After check is: 0, nTag = 0
nDstNum, nSrcNum, nTag: 61, 88, 1
x, y, dstX, dstY = 2,2,4,5
vecElem.size: 8
SubElem size:255
nSrcIndex, nDstIndex: 2, 5
	15	7	22	85	86	17	82	97	10	84
	87	80	93	99	6	24	5	81	12	18
	92	98	1	9	61	76	23	13	94	11
	2	14	95	8	21	83	89	20	96	77
	25	16	4	3	19	90	91	79	78	100
	67	73	54	60	88	42	48	29	35	36
	62	55	56	74	68	49	30	31	37	43
	50	32	38	44	26	51	57	63	69	75
	52	64	70	58	71	33	39	45	46	27
	53	66	72	65	59	40	41	47	28	34
, nSumA = 226, nSumB = 253,sub = -27
, nSumA = 152, nSumB = 179,sub = -27
I Find it at last!!!
FindResult: 1, nRrcNum: 88, size: 4
	15	92	87	2	25	67	62	50	52	53
	7	98	80	14	16	73	55	32	64	66
	22	93	1	95	4	54	56	38	70	72
	85	60	9	8	3	99	74	44	58	65
	86	6	61	21	[31m19[0m	[31m88[0m	68	26	71	59
	17	24	76	83	[31m90[0m	[31m42[0m	49	51	33	40
	82	48	5	89	91	23	30	57	39	41
	97	13	81	20	79	29	31	63	45	47
	10	35	94	96	78	12	37	69	46	28
	84	36	11	77	100	18	43	75	27	34
After check is: 1, nTag = 1
c3 start........................
swap:(9, 2)-->(5, 4)
after swap: 
	15	92	87	2	25	67	62	50	52	53
	7	98	80	14	16	73	55	32	64	66
	22	93	1	95	4	54	56	38	70	72
	85	60	9	8	3	99	74	44	58	65
	86	6	61	21	[31m19[0m	[31m88[0m	68	26	71	59
	17	24	76	83	[31m11[0m	[31m42[0m	49	51	33	40
	82	48	5	89	91	23	30	57	39	41
	97	13	81	20	79	29	31	63	45	47
	10	35	94	96	78	12	37	69	46	28
	84	36	90	77	100	18	43	75	27	34
nDstNum, nSrcNum, nTag: 90, 11, 0
x, y, dstX, dstY = 9,2,5,4
vecElem.size: 8
SubElem size:255
nSrcIndex, nDstIndex: 9, 5
	15	92	87	2	25	67	62	50	52	53
	7	98	80	14	16	73	55	32	64	66
	22	93	1	95	4	54	56	38	70	72
	85	60	9	8	3	99	74	44	58	65
	86	6	61	21	19	88	68	26	71	59
	17	24	76	83	11	42	49	51	33	40
	82	48	5	89	91	23	30	57	39	41
	97	13	81	20	79	29	31	63	45	47
	10	35	94	96	78	12	37	69	46	28
	84	36	90	77	100	18	43	75	27	34
, nSumA = 220, nSumB = 141,sub = 79
I Find it at last!!!
FindResult: 1, nRrcNum: 11, size: 4
	15	92	87	2	25	67	62	50	52	53
	7	98	80	14	16	73	55	32	64	66
	22	93	1	95	4	54	56	38	70	72
	85	60	9	8	3	99	74	44	58	65
	86	6	61	21	[31m19[0m	[31m88[0m	68	26	71	59
	84	24	76	83	[31m11[0m	[31m42[0m	49	75	27	34
	82	48	5	89	91	23	30	57	39	41
	97	13	81	20	79	29	31	63	45	47
	10	35	94	96	78	12	37	69	46	28
	17	36	90	77	100	18	43	51	33	40
After check is: 0, nTag = 0
nDstNum, nSrcNum, nTag: 90, 11, 1
x, y, dstX, dstY = 9,2,5,4
vecElem.size: 8
SubElem size:255
nSrcIndex, nDstIndex: 2, 4
	15	7	22	85	86	84	82	97	10	17
	92	98	93	60	6	24	48	13	35	36
	87	80	1	9	61	76	5	81	94	90
	2	14	95	8	21	83	89	20	96	77
	25	16	4	3	19	11	91	79	78	100
	67	73	54	99	88	42	23	29	12	18
	62	55	56	74	68	49	30	31	37	43
	50	32	38	44	26	75	57	63	69	51
	52	64	70	58	71	27	39	45	46	33
	53	66	72	65	59	34	41	47	28	40
, nSumA = 186, nSumB = 107,sub = 79
, nSumA = 286, nSumB = 207,sub = 79
I Find it at last!!!
FindResult: 1, nRrcNum: 11, size: 4
	25	92	15	2	87	67	62	50	52	53
	7	98	80	14	16	73	55	32	64	66
	22	93	1	95	4	54	56	38	70	72
	3	60	9	8	85	99	74	44	58	65
	86	6	61	21	[31m19[0m	[31m88[0m	68	26	71	59
	84	24	76	83	[31m11[0m	[31m42[0m	49	75	27	34
	5	48	82	89	91	23	30	57	39	41
	79	13	81	20	97	29	31	63	45	47
	94	35	10	96	78	12	37	69	46	28
	100	36	90	77	17	18	43	51	33	40
After check is: 1, nTag = 1
c4 start........................
swap:(8, 9)-->(5, 5)
after swap: 
	25	92	15	2	87	67	62	50	52	53
	7	98	80	14	16	73	55	32	64	66
	22	93	1	95	4	54	56	38	70	72
	3	60	9	8	85	99	74	44	58	65
	86	6	61	21	[31m19[0m	[31m88[0m	68	26	71	59
	84	24	76	83	[31m11[0m	[31m28[0m	49	75	27	34
	5	48	82	89	91	23	30	57	39	41
	79	13	81	20	97	29	31	63	45	47
	94	35	10	96	78	12	37	69	46	42
	100	36	90	77	17	18	43	51	33	40
nDstNum, nSrcNum, nTag: 42, 28, 0
x, y, dstX, dstY = 8,9,5,5
vecElem.size: 8
SubElem size:255
nSrcIndex, nDstIndex: 8, 5
	25	92	15	2	87	67	62	50	52	53
	7	98	80	14	16	73	55	32	64	66
	22	93	1	95	4	54	56	38	70	72
	3	60	9	8	85	99	74	44	58	65
	86	6	61	21	19	88	68	26	71	59
	84	24	76	83	11	28	49	75	27	34
	5	48	82	89	91	23	30	57	39	41
	79	13	81	20	97	29	31	63	45	47
	94	35	10	96	78	12	37	69	46	42
	100	36	90	77	17	18	43	51	33	40
, nSumA = 79, nSumB = 65,sub = 14
, nSumA = 288, nSumB = 274,sub = 14
, nSumA = 97, nSumB = 83,sub = 14
I Find it at last!!!
FindResult: 1, nRrcNum: 28, size: 2
	25	92	15	2	87	67	62	50	52	53
	7	35	80	96	16	73	49	69	46	34
	22	93	1	95	4	54	56	38	70	72
	3	60	9	8	85	99	74	44	58	65
	86	6	61	21	[31m19[0m	[31m88[0m	68	26	71	59
	84	24	76	83	[31m11[0m	[31m28[0m	55	75	27	42
	5	48	82	89	91	23	30	57	39	41
	79	13	81	20	97	29	31	63	45	47
	94	98	10	14	78	12	37	32	64	66
	100	36	90	77	17	18	43	51	33	40
After check is: 0, nTag = 0
nDstNum, nSrcNum, nTag: 42, 28, 1
x, y, dstX, dstY = 8,9,5,5
vecElem.size: 8
SubElem size:255
nSrcIndex, nDstIndex: 9, 5
	25	7	22	3	86	84	5	79	94	100
	92	35	93	60	6	24	48	13	98	36
	15	80	1	9	61	76	82	81	10	90
	2	96	95	8	21	83	89	20	14	77
	87	16	4	85	19	11	91	97	78	17
	67	73	54	99	88	28	23	29	12	18
	62	49	56	74	68	55	30	31	37	43
	50	69	38	44	26	75	57	63	32	51
	52	46	70	58	71	27	39	45	64	33
	53	34	72	65	59	42	41	47	66	40
, nSumA = 299, nSumB = 285,sub = 14
, nSumA = 200, nSumB = 186,sub = 14
, nSumA = 324, nSumB = 310,sub = 14
, nSumA = 190, nSumB = 176,sub = 14
, nSumA = 255, nSumB = 241,sub = 14
I Find it at last!!!
FindResult: 1, nRrcNum: 28, size: 5
	25	92	15	2	67	53	62	50	52	87
	7	35	80	96	73	16	49	69	46	34
	22	93	1	95	54	72	56	38	70	4
	3	60	9	8	65	99	74	44	58	85
	86	6	61	21	[31m19[0m	[31m88[0m	68	26	71	59
	84	24	76	83	[31m11[0m	[31m28[0m	55	75	27	42
	5	48	82	89	91	23	30	57	39	41
	79	13	81	20	29	97	31	63	45	47
	94	98	10	14	78	12	37	32	64	66
	100	36	90	77	18	17	43	51	33	40
After check is: 1, nTag = 1
sum1, sum2, sum = 313, 712, 505
After all check is: 0
Additon start......... 
start process positive diagnol ... 
start process negative diagnol ... 
sum1, sum2, sum = 313, 712, 505
After all check is: 0
