test sort
1, 2, 3, 5, 
========================================================
sum1, sum2, sum = 505, 505, 505
	92	99	1	8	15	67	74	26	58	65
	98	80	7	14	16	73	55	32	64	66
	4	6	88	95	22	54	56	38	70	72
	85	87	19	21	3	60	62	44	71	53
	86	93	25	2	[31m9[0m	[31m61[0m	68	50	52	59
	17	24	76	83	[31m90[0m	[31m42[0m	49	51	33	40
	23	5	82	89	91	48	30	57	39	41
	79	81	13	20	97	29	31	63	45	47
	10	12	94	96	78	35	37	69	46	28
	11	18	100	77	84	36	43	75	27	34
aT: 
	92	98	4	85	86	17	23	79	10	11
	99	80	6	87	93	24	5	81	12	18
	1	7	88	19	25	76	82	13	94	100
	8	14	95	21	2	83	89	20	96	77
	15	16	22	3	9	90	91	97	78	84
	67	73	54	60	61	42	48	29	35	36
	74	55	56	62	68	49	30	31	37	43
	26	32	38	44	50	51	57	63	69	75
	58	64	70	71	52	33	39	45	46	27
	65	66	72	53	59	40	41	47	28	34
0, 9, 5, 4, end
Not Find result
c1, c2, c3, c4 = 9, 61, 90, 42
c1 start........................
swap:(3, 2)-->(4, 4)
after swap: 
	92	99	1	8	15	67	74	26	58	65
	98	80	7	14	16	73	55	32	64	66
	4	6	88	95	22	54	56	38	70	72
	85	87	9	21	3	60	62	44	71	53
	86	93	25	2	[31m19[0m	[31m61[0m	68	50	52	59
	17	24	76	83	[31m90[0m	[31m42[0m	49	51	33	40
	23	5	82	89	91	48	30	57	39	41
	79	81	13	20	97	29	31	63	45	47
	10	12	94	96	78	35	37	69	46	28
	11	18	100	77	84	36	43	75	27	34
nDstNum, nSrcNum, nTag: 9, 19, 0
x, y, dstX, dstY = 3,2,4,4
vecElem.size: 8
SubElem size:255
nSrcIndex, nDstIndex: 3, 4
	92	99	1	8	15	67	74	26	58	65
	98	80	7	14	16	73	55	32	64	66
	4	6	88	95	22	54	56	38	70	72
	85	87	9	21	3	60	62	44	71	53
	86	93	25	2	19	61	68	50	52	59
	17	24	76	83	90	42	49	51	33	40
	23	5	82	89	91	48	30	57	39	41
	79	81	13	20	97	29	31	63	45	47
	10	12	94	96	78	35	37	69	46	28
	11	18	100	77	84	36	43	75	27	34
I Find it at last!!!
FindResult: 1, nRrcNum: 19, size: 3
	92	99	1	8	15	67	74	26	58	65
	85	80	25	2	16	73	62	32	71	59
	4	6	88	95	22	54	56	38	70	72
	98	87	7	21	3	60	55	44	64	66
	86	93	9	14	[31m19[0m	[31m61[0m	68	50	52	53
	17	24	76	83	[31m90[0m	[31m42[0m	49	51	33	40
	23	5	82	89	91	48	30	57	39	41
	79	81	13	20	97	29	31	63	45	47
	10	12	94	96	78	35	37	69	46	28
	11	18	100	77	84	36	43	75	27	34
After check is: 0, nTag = 0
nDstNum, nSrcNum, nTag: 9, 19, 1
x, y, dstX, dstY = 3,2,4,4
vecElem.size: 8
SubElem size:255
nSrcIndex, nDstIndex: 2, 4
	92	85	4	98	86	17	23	79	10	11
	99	80	6	87	93	24	5	81	12	18
	1	25	88	7	9	76	82	13	94	100
	8	2	95	21	14	83	89	20	96	77
	15	16	22	3	19	90	91	97	78	84
	67	73	54	60	61	42	48	29	35	36
	74	62	56	55	68	49	30	31	37	43
	26	32	38	44	50	51	57	63	69	75
	58	71	70	64	52	33	39	45	46	27
	65	59	72	66	53	40	41	47	28	34
I Find it at last!!!
FindResult: 1, nRrcNum: 19, size: 2
	92	99	74	8	1	67	15	26	58	65
	85	80	62	2	16	73	25	32	71	59
	4	6	88	95	22	54	56	38	70	72
	98	87	55	21	7	60	3	44	64	66
	86	93	9	14	[31m19[0m	[31m61[0m	68	50	52	53
	17	24	76	83	[31m90[0m	[31m42[0m	49	51	33	40
	23	5	30	89	91	48	82	57	39	41
	79	81	31	20	97	29	13	63	45	47
	10	12	37	96	78	35	94	69	46	28
	11	18	43	77	84	36	100	75	27	34
After check is: 1, nTag = 1
c2 start........................
swap:(6, 4)-->(4, 5)
after swap: 
	92	99	74	8	1	67	15	26	58	65
	85	80	62	2	16	73	25	32	71	59
	4	6	88	95	22	54	56	38	70	72
	98	87	55	21	7	60	3	44	64	66
	86	93	9	14	[31m19[0m	[31m91[0m	68	50	52	53
	17	24	76	83	[31m90[0m	[31m42[0m	49	51	33	40
	23	5	30	89	61	48	82	57	39	41
	79	81	31	20	97	29	13	63	45	47
	10	12	37	96	78	35	94	69	46	28
	11	18	43	77	84	36	100	75	27	34
nDstNum, nSrcNum, nTag: 61, 91, 0
x, y, dstX, dstY = 6,4,4,5
vecElem.size: 8
SubElem size:255
nSrcIndex, nDstIndex: 6, 4
	92	99	74	8	1	67	15	26	58	65
	85	80	62	2	16	73	25	32	71	59
	4	6	88	95	22	54	56	38	70	72
	98	87	55	21	7	60	3	44	64	66
	86	93	9	14	19	91	68	50	52	53
	17	24	76	83	90	42	49	51	33	40
	23	5	30	89	61	48	82	57	39	41
	79	81	31	20	97	29	13	63	45	47
	10	12	37	96	78	35	94	69	46	28
	11	18	43	77	84	36	100	75	27	34
I Find it at last!!!
FindResult: 1, nRrcNum: 91, size: 4
	92	99	74	8	1	67	15	26	58	65
	23	80	62	14	16	73	82	50	52	53
	4	6	88	95	22	54	56	38	70	72
	98	87	55	21	7	60	3	44	64	66
	86	93	9	2	[31m19[0m	[31m91[0m	68	57	39	41
	17	24	76	83	[31m90[0m	[31m42[0m	49	51	33	40
	85	5	30	89	61	48	25	32	71	59
	79	81	31	20	97	29	13	63	45	47
	10	12	37	96	78	35	94	69	46	28
	11	18	43	77	84	36	100	75	27	34
After check is: 0, nTag = 0
nDstNum, nSrcNum, nTag: 61, 91, 1
x, y, dstX, dstY = 6,4,4,5
vecElem.size: 8
SubElem size:255
nSrcIndex, nDstIndex: 4, 5
	92	23	4	98	86	17	85	79	10	11
	99	80	6	87	93	24	5	81	12	18
	74	62	88	55	9	76	30	31	37	43
	8	14	95	21	2	83	89	20	96	77
	1	16	22	7	19	90	61	97	78	84
	67	73	54	60	91	42	48	29	35	36
	15	82	56	3	68	49	25	13	94	100
	26	50	38	44	57	51	32	63	69	75
	58	52	70	64	39	33	71	45	46	27
	65	53	72	66	41	40	59	47	28	34
I Find it at last!!!
FindResult: 1, nRrcNum: 91, size: 2
	92	99	74	8	1	67	15	26	58	65
	23	80	16	14	62	73	82	50	52	53
	4	6	54	95	88	22	56	38	70	72
	98	87	55	21	7	60	3	44	64	66
	86	93	9	2	[31m19[0m	[31m91[0m	68	57	39	41
	17	24	76	83	[31m90[0m	[31m42[0m	49	51	33	40
	85	5	30	89	61	48	25	32	71	59
	79	81	29	20	97	31	13	63	45	47
	10	12	78	96	37	35	94	69	46	28
	11	18	84	77	43	36	100	75	27	34
After check is: 1, nTag = 1
c3 start........................
swap:(0, 3)-->(5, 4)
after swap: 
	92	99	74	90	1	67	15	26	58	65
	23	80	16	14	62	73	82	50	52	53
	4	6	54	95	88	22	56	38	70	72
	98	87	55	21	7	60	3	44	64	66
	86	93	9	2	[31m19[0m	[31m91[0m	68	57	39	41
	17	24	76	83	[31m8[0m	[31m42[0m	49	51	33	40
	85	5	30	89	61	48	25	32	71	59
	79	81	29	20	97	31	13	63	45	47
	10	12	78	96	37	35	94	69	46	28
	11	18	84	77	43	36	100	75	27	34
nDstNum, nSrcNum, nTag: 90, 8, 0
x, y, dstX, dstY = 0,3,5,4
vecElem.size: 8
SubElem size:255
nSrcIndex, nDstIndex: 0, 5
	92	99	74	90	1	67	15	26	58	65
	23	80	16	14	62	73	82	50	52	53
	4	6	54	95	88	22	56	38	70	72
	98	87	55	21	7	60	3	44	64	66
	86	93	9	2	19	91	68	57	39	41
	17	24	76	83	8	42	49	51	33	40
	85	5	30	89	61	48	25	32	71	59
	79	81	29	20	97	31	13	63	45	47
	10	12	78	96	37	35	94	69	46	28
	11	18	84	77	43	36	100	75	27	34
I Find it at last!!!
FindResult: 1, nRrcNum: 8, size: 2
	92	6	54	90	1	67	15	38	70	72
	23	80	16	14	62	73	82	50	52	53
	4	24	74	95	88	22	49	26	58	65
	98	87	55	21	7	60	3	44	64	66
	86	93	9	2	[31m19[0m	[31m91[0m	68	57	39	41
	17	99	76	83	[31m8[0m	[31m42[0m	56	51	33	40
	85	5	30	89	61	48	25	32	71	59
	79	81	29	20	97	31	13	63	45	47
	10	12	78	96	37	35	94	69	46	28
	11	18	84	77	43	36	100	75	27	34
After check is: 0, nTag = 0
nDstNum, nSrcNum, nTag: 90, 8, 1
x, y, dstX, dstY = 0,3,5,4
vecElem.size: 8
SubElem size:255
nSrcIndex, nDstIndex: 3, 4
	92	23	4	98	86	17	85	79	10	11
	6	80	24	87	93	99	5	81	12	18
	54	16	74	55	9	76	30	29	78	84
	90	14	95	21	2	83	89	20	96	77
	1	62	88	7	19	8	61	97	37	43
	67	73	22	60	91	42	48	31	35	36
	15	82	49	3	68	56	25	13	94	100
	38	50	26	44	57	51	32	63	69	75
	70	52	58	64	39	33	71	45	46	27
	72	53	65	66	41	40	59	47	28	34
I Find it at last!!!
FindResult: 1, nRrcNum: 8, size: 3
	92	1	54	90	6	67	15	38	70	72
	23	62	16	14	80	73	82	50	52	53
	4	24	74	95	88	22	49	26	58	65
	98	87	55	21	7	60	3	44	64	66
	86	93	9	2	[31m19[0m	[31m91[0m	68	57	39	41
	17	99	76	83	[31m8[0m	[31m42[0m	56	51	33	40
	85	5	30	89	61	48	25	32	71	59
	79	20	29	81	97	31	13	63	45	47
	10	37	78	12	96	35	94	69	46	28
	11	77	84	18	43	36	100	75	27	34
After check is: 1, nTag = 1
c4 start........................
swap:(7, 1)-->(5, 5)
after swap: 
	92	1	54	90	6	67	15	38	70	72
	23	62	16	14	80	73	82	50	52	53
	4	24	74	95	88	22	49	26	58	65
	98	87	55	21	7	60	3	44	64	66
	86	93	9	2	[31m19[0m	[31m91[0m	68	57	39	41
	17	99	76	83	[31m8[0m	[31m20[0m	56	51	33	40
	85	5	30	89	61	48	25	32	71	59
	79	42	29	81	97	31	13	63	45	47
	10	37	78	12	96	35	94	69	46	28
	11	77	84	18	43	36	100	75	27	34
nDstNum, nSrcNum, nTag: 42, 20, 0
x, y, dstX, dstY = 7,1,5,5
vecElem.size: 8
SubElem size:255
nSrcIndex, nDstIndex: 7, 5
	92	1	54	90	6	67	15	38	70	72
	23	62	16	14	80	73	82	50	52	53
	4	24	74	95	88	22	49	26	58	65
	98	87	55	21	7	60	3	44	64	66
	86	93	9	2	19	91	68	57	39	41
	17	99	76	83	8	20	56	51	33	40
	85	5	30	89	61	48	25	32	71	59
	79	42	29	81	97	31	13	63	45	47
	10	37	78	12	96	35	94	69	46	28
	11	77	84	18	43	36	100	75	27	34
I Find it at last!!!
FindResult: 1, nRrcNum: 20, size: 5
	92	1	54	90	6	67	15	38	70	72
	23	62	16	14	80	73	82	50	52	53
	79	24	29	83	88	22	56	51	33	40
	98	87	55	21	7	60	3	44	64	66
	86	93	9	2	[31m19[0m	[31m91[0m	68	57	39	41
	17	99	76	81	[31m8[0m	[31m20[0m	49	63	45	47
	85	5	30	89	61	48	25	32	71	59
	4	42	74	95	97	31	13	26	58	65
	10	37	78	12	96	35	94	69	46	28
	11	77	84	18	43	36	100	75	27	34
After check is: 0, nTag = 0
nDstNum, nSrcNum, nTag: 42, 20, 1
x, y, dstX, dstY = 7,1,5,5
vecElem.size: 8
SubElem size:255
nSrcIndex, nDstIndex: 1, 5
	92	23	79	98	86	17	85	4	10	11
	1	62	24	87	93	99	5	42	37	77
	54	16	29	55	9	76	30	74	78	84
	90	14	83	21	2	81	89	95	12	18
	6	80	88	7	19	8	61	97	96	43
	67	73	22	60	91	20	48	31	35	36
	15	82	56	3	68	49	25	13	94	100
	38	50	51	44	57	63	32	26	69	75
	70	52	33	64	39	45	71	58	46	27
	72	53	40	66	41	47	59	65	28	34
I Find it at last!!!
FindResult: 1, nRrcNum: 20, size: 3
	92	15	54	90	6	67	1	38	70	72
	23	62	16	14	80	82	73	50	52	53
	79	24	29	83	88	22	56	51	33	40
	98	3	55	21	7	60	87	44	64	66
	86	93	9	2	[31m19[0m	[31m91[0m	68	57	39	41
	17	99	76	81	[31m8[0m	[31m20[0m	49	63	45	47
	85	25	30	89	61	48	5	32	71	59
	4	13	74	95	97	42	31	26	58	65
	10	94	78	12	96	37	35	69	46	28
	11	77	84	18	43	36	100	75	27	34
After check is: 1, nTag = 1
sum1, sum2, sum = 354, 629, 505
After all check is: 0
Additon start......... 
start process positive diagnol ... 
After sort is: 
6, 4, 5, 3, 7, 2, 9, 8, 1, 0, 
swap:(9, 6)-->(6, 6)
after swap: 
	92	15	54	90	6	67	1	38	70	72
	23	62	16	14	80	82	73	50	52	53
	79	24	29	83	88	22	56	51	33	40
	98	3	55	21	7	60	87	44	64	66
	86	93	9	2	[31m19[0m	[31m91[0m	68	57	39	41
	17	99	76	81	[31m8[0m	[31m20[0m	49	63	45	47
	85	25	30	89	61	48	100	32	71	59
	4	13	74	95	97	42	31	26	58	65
	10	94	78	12	96	37	35	69	46	28
	11	77	84	18	43	36	5	75	27	34
nDstNum, nSrcNum, nTag: 5, 100, 0
x, y, dstX, dstY = 9,6,6,6
vecElem.size: 8
SubElem size:255
nSrcIndex, nDstIndex: 9, 6
	92	15	54	90	6	67	1	38	70	72
	23	62	16	14	80	82	73	50	52	53
	79	24	29	83	88	22	56	51	33	40
	98	3	55	21	7	60	87	44	64	66
	86	93	9	2	19	91	68	57	39	41
	17	99	76	81	8	20	49	63	45	47
	85	25	30	89	61	48	100	32	71	59
	4	13	74	95	97	42	31	26	58	65
	10	94	78	12	96	37	35	69	46	28
	11	77	84	18	43	36	5	75	27	34
FindResult: 0, nRrcNum: 100, size: 0
	92	15	54	90	6	67	1	38	70	72
	23	62	16	14	80	82	73	50	52	53
	79	24	29	83	88	22	56	51	33	40
	98	3	55	21	7	60	87	44	64	66
	86	93	9	2	[31m19[0m	[31m91[0m	68	57	39	41
	17	99	76	81	[31m8[0m	[31m20[0m	49	63	45	47
	85	25	30	89	61	48	100	32	71	59
	4	13	74	95	97	42	31	26	58	65
	10	94	78	12	96	37	35	69	46	28
	11	77	84	18	43	36	5	75	27	34
After check is: 0, nTag = 0
100 not find, and next
swap:(5, 1)-->(6, 6)
after swap: 
	92	15	54	90	6	67	1	38	70	72
	23	62	16	14	80	82	73	50	52	53
	79	24	29	83	88	22	56	51	33	40
	98	3	55	21	7	60	87	44	64	66
	86	93	9	2	[31m19[0m	[31m91[0m	68	57	39	41
	17	5	76	81	[31m8[0m	[31m20[0m	49	63	45	47
	85	25	30	89	61	48	99	32	71	59
	4	13	74	95	97	42	31	26	58	65
	10	94	78	12	96	37	35	69	46	28
	11	77	84	18	43	36	100	75	27	34
nDstNum, nSrcNum, nTag: 5, 99, 0
x, y, dstX, dstY = 5,1,6,6
vecElem.size: 8
SubElem size:255
nSrcIndex, nDstIndex: 5, 6
	92	15	54	90	6	67	1	38	70	72
	23	62	16	14	80	82	73	50	52	53
	79	24	29	83	88	22	56	51	33	40
	98	3	55	21	7	60	87	44	64	66
	86	93	9	2	19	91	68	57	39	41
	17	5	76	81	8	20	49	63	45	47
	85	25	30	89	61	48	99	32	71	59
	4	13	74	95	97	42	31	26	58	65
	10	94	78	12	96	37	35	69	46	28
	11	77	84	18	43	36	100	75	27	34
I Find it at last!!!
FindResult: 1, nRrcNum: 99, size: 2
	92	15	54	90	6	67	1	38	70	72
	23	62	16	14	80	82	73	50	52	53
	79	24	29	83	88	22	56	51	33	40
	98	3	55	21	7	60	87	44	64	66
	86	93	9	2	[31m19[0m	[31m91[0m	68	57	39	41
	85	5	76	81	[31m8[0m	[31m20[0m	49	63	71	47
	17	25	30	89	61	48	99	32	45	59
	4	13	74	95	97	42	31	26	58	65
	10	94	78	12	96	37	35	69	46	28
	11	77	84	18	43	36	100	75	27	34
After check is: 0, nTag = 0
nDstNum, nSrcNum, nTag: 5, 99, 1
x, y, dstX, dstY = 5,1,6,6
vecElem.size: 8
SubElem size:255
nSrcIndex, nDstIndex: 1, 6
	92	23	79	98	86	85	17	4	10	11
	15	62	24	3	93	5	25	13	94	77
	54	16	29	55	9	76	30	74	78	84
	90	14	83	21	2	81	89	95	12	18
	6	80	88	7	19	8	61	97	96	43
	67	82	22	60	91	20	48	42	37	36
	1	73	56	87	68	49	99	31	35	100
	38	50	51	44	57	63	32	26	69	75
	70	52	33	64	39	71	45	58	46	27
	72	53	40	66	41	47	59	65	28	34
I Find it at last!!!
FindResult: 1, nRrcNum: 99, size: 4
	92	15	54	90	6	67	1	38	70	72
	23	62	16	14	80	82	73	50	52	53
	79	24	29	83	88	22	40	51	33	56
	98	3	55	21	7	60	87	44	64	66
	86	93	9	2	[31m19[0m	[31m91[0m	41	57	39	68
	85	47	76	81	[31m8[0m	[31m20[0m	5	63	71	49
	17	25	30	89	61	48	99	32	45	59
	4	65	74	95	97	42	31	26	58	13
	10	94	78	12	96	37	28	69	46	35
	11	77	84	18	43	36	100	75	27	34
After check is: 1, nTag = 1
Binggo! bSubFind: 1, nSum: 448
	92	15	54	90	6	67	1	38	70	72
	23	62	16	14	80	82	73	50	52	53
	79	24	29	83	88	22	40	51	33	56
	98	3	55	21	7	60	87	44	64	66
	86	93	9	2	[31m19[0m	[31m91[0m	41	57	39	68
	85	47	76	81	[31m8[0m	[31m20[0m	5	63	71	49
	17	25	30	89	61	48	99	32	45	59
	4	65	74	95	97	42	31	26	58	13
	10	94	78	12	96	37	28	69	46	35
	11	77	84	18	43	36	100	75	27	34
sum1, sum2, sum = 448, 629, 505
After all check is: 0
End a circle, index: 6, bSubFind: 1
swap:(9, 6)-->(3, 3)
after swap: 
	92	15	54	90	6	67	1	38	70	72
	23	62	16	14	80	82	73	50	52	53
	79	24	29	83	88	22	40	51	33	56
	98	3	55	100	7	60	87	44	64	66
	86	93	9	2	[31m19[0m	[31m91[0m	41	57	39	68
	85	47	76	81	[31m8[0m	[31m20[0m	5	63	71	49
	17	25	30	89	61	48	99	32	45	59
	4	65	74	95	97	42	31	26	58	13
	10	94	78	12	96	37	28	69	46	35
	11	77	84	18	43	36	21	75	27	34
nDstNum, nSrcNum, nTag: 21, 100, 0
x, y, dstX, dstY = 9,6,3,3
vecElem.size: 8
SubElem size:255
nSrcIndex, nDstIndex: 9, 3
	92	15	54	90	6	67	1	38	70	72
	23	62	16	14	80	82	73	50	52	53
	79	24	29	83	88	22	40	51	33	56
	98	3	55	100	7	60	87	44	64	66
	86	93	9	2	19	91	41	57	39	68
	85	47	76	81	8	20	5	63	71	49
	17	25	30	89	61	48	99	32	45	59
	4	65	74	95	97	42	31	26	58	13
	10	94	78	12	96	37	28	69	46	35
	11	77	84	18	43	36	21	75	27	34
FindResult: 0, nRrcNum: 100, size: 0
	92	15	54	90	6	67	1	38	70	72
	23	62	16	14	80	82	73	50	52	53
	79	24	29	83	88	22	40	51	33	56
	98	3	55	100	7	60	87	44	64	66
	86	93	9	2	[31m19[0m	[31m91[0m	41	57	39	68
	85	47	76	81	[31m8[0m	[31m20[0m	5	63	71	49
	17	25	30	89	61	48	99	32	45	59
	4	65	74	95	97	42	31	26	58	13
	10	94	78	12	96	37	28	69	46	35
	11	77	84	18	43	36	21	75	27	34
After check is: 0, nTag = 0
100 not find, and next
swap:(6, 6)-->(3, 3)
after swap: 
	92	15	54	90	6	67	1	38	70	72
	23	62	16	14	80	82	73	50	52	53
	79	24	29	83	88	22	40	51	33	56
	98	3	55	99	7	60	87	44	64	66
	86	93	9	2	[31m19[0m	[31m91[0m	41	57	39	68
	85	47	76	81	[31m8[0m	[31m20[0m	5	63	71	49
	17	25	30	89	61	48	21	32	45	59
	4	65	74	95	97	42	31	26	58	13
	10	94	78	12	96	37	28	69	46	35
	11	77	84	18	43	36	100	75	27	34
nDstNum, nSrcNum, nTag: 21, 99, 0
x, y, dstX, dstY = 6,6,3,3
vecElem.size: 8
SubElem size:255
nSrcIndex, nDstIndex: 6, 3
	92	15	54	90	6	67	1	38	70	72
	23	62	16	14	80	82	73	50	52	53
	79	24	29	83	88	22	40	51	33	56
	98	3	55	99	7	60	87	44	64	66
	86	93	9	2	19	91	41	57	39	68
	85	47	76	81	8	20	5	63	71	49
	17	25	30	89	61	48	21	32	45	59
	4	65	74	95	97	42	31	26	58	13
	10	94	78	12	96	37	28	69	46	35
	11	77	84	18	43	36	100	75	27	34
I Find it at last!!!
FindResult: 1, nRrcNum: 99, size: 3
	92	15	54	90	6	67	1	38	70	72
	23	62	16	14	80	82	73	50	52	53
	79	24	29	83	88	22	40	51	33	56
	98	3	9	99	7	60	87	44	39	59
	17	93	55	2	[31m19[0m	[31m91[0m	41	57	64	66
	85	47	76	81	[31m8[0m	[31m20[0m	5	63	71	49
	86	25	30	89	61	48	21	32	45	68
	4	65	74	95	97	42	31	26	58	13
	10	94	78	12	96	37	28	69	46	35
	11	77	84	18	43	36	100	75	27	34
After check is: 0, nTag = 0
nDstNum, nSrcNum, nTag: 21, 99, 1
x, y, dstX, dstY = 6,6,3,3
vecElem.size: 8
SubElem size:255
nSrcIndex, nDstIndex: 6, 3
	92	23	79	98	17	85	86	4	10	11
	15	62	24	3	93	47	25	65	94	77
	54	16	29	9	55	76	30	74	78	84
	90	14	83	99	2	81	89	95	12	18
	6	80	88	7	19	8	61	97	96	43
	67	82	22	60	91	20	48	42	37	36
	1	73	40	87	41	5	21	31	28	100
	38	50	51	44	57	63	32	26	69	75
	70	52	33	39	64	71	45	58	46	27
	72	53	56	59	66	49	68	13	35	34
I Find it at last!!!
FindResult: 1, nRrcNum: 99, size: 4
	92	15	54	1	6	67	90	38	70	72
	23	62	16	73	80	82	14	50	52	53
	79	24	29	83	88	22	40	51	33	56
	98	3	9	99	7	60	87	44	39	59
	17	93	55	2	[31m19[0m	[31m91[0m	41	57	64	66
	85	47	76	81	[31m8[0m	[31m20[0m	5	63	71	49
	86	25	30	89	61	48	21	32	45	68
	4	65	74	31	97	42	95	26	58	13
	10	94	78	28	96	37	12	69	46	35
	11	77	84	18	43	36	100	75	27	34
After check is: 1, nTag = 1
Binggo! bSubFind: 1, nSum: 448
	92	15	54	1	6	67	90	38	70	72
	23	62	16	73	80	82	14	50	52	53
	79	24	29	83	88	22	40	51	33	56
	98	3	9	99	7	60	87	44	39	59
	17	93	55	2	[31m19[0m	[31m91[0m	41	57	64	66
	85	47	76	81	[31m8[0m	[31m20[0m	5	63	71	49
	86	25	30	89	61	48	21	32	45	68
	4	65	74	31	97	42	95	26	58	13
	10	94	78	28	96	37	12	69	46	35
	11	77	84	18	43	36	100	75	27	34
sum1, sum2, sum = 448, 629, 505
After all check is: 0
End a circle, index: 3, bSubFind: 1
swap:(9, 6)-->(7, 7)
after swap: 
	92	15	54	1	6	67	90	38	70	72
	23	62	16	73	80	82	14	50	52	53
	79	24	29	83	88	22	40	51	33	56
	98	3	9	99	7	60	87	44	39	59
	17	93	55	2	[31m19[0m	[31m91[0m	41	57	64	66
	85	47	76	81	[31m8[0m	[31m20[0m	5	63	71	49
	86	25	30	89	61	48	21	32	45	68
	4	65	74	31	97	42	95	100	58	13
	10	94	78	28	96	37	12	69	46	35
	11	77	84	18	43	36	26	75	27	34
nDstNum, nSrcNum, nTag: 26, 100, 0
x, y, dstX, dstY = 9,6,7,7
vecElem.size: 8
SubElem size:255
nSrcIndex, nDstIndex: 9, 7
	92	15	54	1	6	67	90	38	70	72
	23	62	16	73	80	82	14	50	52	53
	79	24	29	83	88	22	40	51	33	56
	98	3	9	99	7	60	87	44	39	59
	17	93	55	2	19	91	41	57	64	66
	85	47	76	81	8	20	5	63	71	49
	86	25	30	89	61	48	21	32	45	68
	4	65	74	31	97	42	95	100	58	13
	10	94	78	28	96	37	12	69	46	35
	11	77	84	18	43	36	26	75	27	34
FindResult: 0, nRrcNum: 100, size: 0
	92	15	54	1	6	67	90	38	70	72
	23	62	16	73	80	82	14	50	52	53
	79	24	29	83	88	22	40	51	33	56
	98	3	9	99	7	60	87	44	39	59
	17	93	55	2	[31m19[0m	[31m91[0m	41	57	64	66
	85	47	76	81	[31m8[0m	[31m20[0m	5	63	71	49
	86	25	30	89	61	48	21	32	45	68
	4	65	74	31	97	42	95	100	58	13
	10	94	78	28	96	37	12	69	46	35
	11	77	84	18	43	36	26	75	27	34
After check is: 0, nTag = 0
100 not find, and next
swap:(3, 3)-->(7, 7)
after swap: 
	92	15	54	1	6	67	90	38	70	72
	23	62	16	73	80	82	14	50	52	53
	79	24	29	83	88	22	40	51	33	56
	98	3	9	26	7	60	87	44	39	59
	17	93	55	2	[31m19[0m	[31m91[0m	41	57	64	66
	85	47	76	81	[31m8[0m	[31m20[0m	5	63	71	49
	86	25	30	89	61	48	21	32	45	68
	4	65	74	31	97	42	95	99	58	13
	10	94	78	28	96	37	12	69	46	35
	11	77	84	18	43	36	100	75	27	34
nDstNum, nSrcNum, nTag: 26, 99, 0
x, y, dstX, dstY = 3,3,7,7
vecElem.size: 8
SubElem size:255
nSrcIndex, nDstIndex: 3, 7
	92	15	54	1	6	67	90	38	70	72
	23	62	16	73	80	82	14	50	52	53
	79	24	29	83	88	22	40	51	33	56
	98	3	9	26	7	60	87	44	39	59
	17	93	55	2	19	91	41	57	64	66
	85	47	76	81	8	20	5	63	71	49
	86	25	30	89	61	48	21	32	45	68
	4	65	74	31	97	42	95	99	58	13
	10	94	78	28	96	37	12	69	46	35
	11	77	84	18	43	36	100	75	27	34
FindResult: 0, nRrcNum: 99, size: 0
	92	15	54	1	6	67	90	38	70	72
	23	62	16	73	80	82	14	50	52	53
	79	24	29	83	88	22	40	51	33	56
	98	3	9	26	7	60	87	44	39	59
	17	93	55	2	[31m19[0m	[31m91[0m	41	57	64	66
	85	47	76	81	[31m8[0m	[31m20[0m	5	63	71	49
	86	25	30	89	61	48	21	32	45	68
	4	65	74	31	97	42	95	99	58	13
	10	94	78	28	96	37	12	69	46	35
	11	77	84	18	43	36	100	75	27	34
After check is: 0, nTag = 0
99 not find, and next
swap:(3, 0)-->(7, 7)
after swap: 
	92	15	54	1	6	67	90	38	70	72
	23	62	16	73	80	82	14	50	52	53
	79	24	29	83	88	22	40	51	33	56
	26	3	9	99	7	60	87	44	39	59
	17	93	55	2	[31m19[0m	[31m91[0m	41	57	64	66
	85	47	76	81	[31m8[0m	[31m20[0m	5	63	71	49
	86	25	30	89	61	48	21	32	45	68
	4	65	74	31	97	42	95	98	58	13
	10	94	78	28	96	37	12	69	46	35
	11	77	84	18	43	36	100	75	27	34
nDstNum, nSrcNum, nTag: 26, 98, 0
x, y, dstX, dstY = 3,0,7,7
vecElem.size: 8
SubElem size:255
nSrcIndex, nDstIndex: 3, 7
	92	15	54	1	6	67	90	38	70	72
	23	62	16	73	80	82	14	50	52	53
	79	24	29	83	88	22	40	51	33	56
	26	3	9	99	7	60	87	44	39	59
	17	93	55	2	19	91	41	57	64	66
	85	47	76	81	8	20	5	63	71	49
	86	25	30	89	61	48	21	32	45	68
	4	65	74	31	97	42	95	98	58	13
	10	94	78	28	96	37	12	69	46	35
	11	77	84	18	43	36	100	75	27	34
I Find it at last!!!
FindResult: 1, nRrcNum: 98, size: 6
	92	15	54	1	6	67	90	38	70	72
	23	62	16	73	80	82	14	50	52	53
	79	65	29	31	97	42	40	51	58	13
	26	3	9	99	88	60	87	44	33	56
	17	93	55	2	[31m19[0m	[31m91[0m	41	57	64	66
	85	47	76	81	[31m8[0m	[31m20[0m	5	63	71	49
	86	25	30	89	61	48	21	32	45	68
	4	24	74	83	7	22	95	98	39	59
	10	94	78	28	96	37	12	69	46	35
	11	77	84	18	43	36	100	75	27	34
After check is: 0, nTag = 0
nDstNum, nSrcNum, nTag: 26, 98, 1
x, y, dstX, dstY = 3,0,7,7
vecElem.size: 8
SubElem size:255
nSrcIndex, nDstIndex: 0, 7
	92	23	79	26	17	85	86	4	10	11
	15	62	65	3	93	47	25	24	94	77
	54	16	29	9	55	76	30	74	78	84
	1	73	31	99	2	81	89	83	28	18
	6	80	97	88	19	8	61	7	96	43
	67	82	42	60	91	20	48	22	37	36
	90	14	40	87	41	5	21	95	12	100
	38	50	51	44	57	63	32	98	69	75
	70	52	58	33	64	71	45	39	46	27
	72	53	13	56	66	49	68	59	35	34
I Find it at last!!!
FindResult: 1, nRrcNum: 98, size: 4
	92	15	54	1	6	67	90	38	70	72
	50	62	16	73	80	82	14	23	52	53
	79	65	29	31	97	42	40	51	58	13
	26	3	9	99	88	60	87	44	33	56
	57	93	55	2	[31m19[0m	[31m91[0m	41	17	64	66
	85	47	76	81	[31m8[0m	[31m20[0m	5	63	71	49
	32	25	30	89	61	48	21	86	45	68
	4	24	74	83	7	22	95	98	39	59
	69	94	78	28	96	37	12	10	46	35
	11	77	84	18	43	36	100	75	27	34
After check is: 1, nTag = 1
Binggo! bSubFind: 1, nSum: 520
	92	15	54	1	6	67	90	38	70	72
	50	62	16	73	80	82	14	23	52	53
	79	65	29	31	97	42	40	51	58	13
	26	3	9	99	88	60	87	44	33	56
	57	93	55	2	[31m19[0m	[31m91[0m	41	17	64	66
	85	47	76	81	[31m8[0m	[31m20[0m	5	63	71	49
	32	25	30	89	61	48	21	86	45	68
	4	24	74	83	7	22	95	98	39	59
	69	94	78	28	96	37	12	10	46	35
	11	77	84	18	43	36	100	75	27	34
sum1, sum2, sum = 520, 629, 505
After all check is: 0
Additon start......... nSum = 520
nNeed: 77
nX, nY: 9, 1
Addition: nNeed = 77, 0, a[][] = 
	92	15	54	1	6	67	90	38	70	72
	50	62	16	73	80	82	14	23	52	53
	79	65	29	31	97	42	40	51	58	13
	26	3	9	99	88	60	87	44	33	56
	57	93	55	2	[31m19[0m	[31m91[0m	41	17	64	66
	85	47	76	81	[31m8[0m	[31m20[0m	5	63	71	49
	32	25	30	89	61	48	21	86	45	68
	4	24	74	83	7	22	95	98	39	59
	69	94	78	28	96	37	12	10	46	35
	11	77	84	18	43	36	100	75	27	34
swap:(9, 1)-->(0, 0)
after swap: 
	77	15	54	1	6	67	90	38	70	72
	50	62	16	73	80	82	14	23	52	53
	79	65	29	31	97	42	40	51	58	13
	26	3	9	99	88	60	87	44	33	56
	57	93	55	2	[31m19[0m	[31m91[0m	41	17	64	66
	85	47	76	81	[31m8[0m	[31m20[0m	5	63	71	49
	32	25	30	89	61	48	21	86	45	68
	4	24	74	83	7	22	95	98	39	59
	69	94	78	28	96	37	12	10	46	35
	11	92	84	18	43	36	100	75	27	34
nDstNum, nSrcNum, nTag: 92, 77, 0
x, y, dstX, dstY = 9,1,0,0
vecElem.size: 8
SubElem size:255
nSrcIndex, nDstIndex: 9, 0
	77	15	54	1	6	67	90	38	70	72
	50	62	16	73	80	82	14	23	52	53
	79	65	29	31	97	42	40	51	58	13
	26	3	9	99	88	60	87	44	33	56
	57	93	55	2	19	91	41	17	64	66
	85	47	76	81	8	20	5	63	71	49
	32	25	30	89	61	48	21	86	45	68
	4	24	74	83	7	22	95	98	39	59
	69	94	78	28	96	37	12	10	46	35
	11	92	84	18	43	36	100	75	27	34
I Find it at last!!!
FindResult: 1, nRrcNum: 77, size: 1
	77	15	54	1	6	82	90	38	70	72
	50	62	16	73	43	67	14	75	52	53
	79	65	29	31	97	42	40	51	58	13
	26	3	9	99	88	60	87	44	33	56
	57	93	55	2	[31m19[0m	[31m91[0m	41	17	64	66
	85	47	76	81	[31m8[0m	[31m20[0m	5	63	71	49
	32	25	30	89	61	48	21	86	45	68
	4	24	74	83	7	22	95	98	39	59
	69	94	78	28	96	37	12	10	46	35
	11	92	84	18	80	36	100	23	27	34
After check is: 0, nTag = 0
nDstNum, nSrcNum, nTag: 92, 77, 1
x, y, dstX, dstY = 9,1,0,0
vecElem.size: 8
SubElem size:255
nSrcIndex, nDstIndex: 1, 0
	77	50	79	26	57	85	32	4	69	11
	15	62	65	3	93	47	25	24	94	92
	54	16	29	9	55	76	30	74	78	84
	1	73	31	99	2	81	89	83	28	18
	6	43	97	88	19	8	61	7	96	80
	82	67	42	60	91	20	48	22	37	36
	90	14	40	87	41	5	21	95	12	100
	38	75	51	44	17	63	86	98	10	23
	70	52	58	33	64	71	45	39	46	27
	72	53	13	56	66	49	68	59	35	34
I Find it at last!!!
FindResult: 1, nRrcNum: 77, size: 3
	77	15	54	1	6	82	90	38	70	72
	50	62	16	73	43	67	14	75	52	53
	65	13	29	31	97	42	40	51	58	79
	26	3	9	99	88	60	87	44	33	56
	66	93	55	2	[31m19[0m	[31m91[0m	41	17	64	57
	85	49	76	81	[31m8[0m	[31m20[0m	5	63	71	47
	32	25	30	89	61	48	21	86	45	68
	24	59	74	83	7	22	95	98	39	4
	69	94	78	28	96	37	12	10	46	35
	11	92	84	18	80	36	100	23	27	34
After check is: 1, nTag = 1
sum1, sum2, sum = 505, 629, 505
After all check is: 0
The End and result is 1
sum1, sum2, sum = 505, 629, 505
check all is: 0
	77	15	54	1	6	82	90	38	70	72
	50	62	16	73	43	67	14	75	52	53
	65	13	29	31	97	42	40	51	58	79
	26	3	9	99	88	60	87	44	33	56
	66	93	55	2	[31m19[0m	[31m91[0m	41	17	64	57
	85	49	76	81	[31m8[0m	[31m20[0m	5	63	71	47
	32	25	30	89	61	48	21	86	45	68
	24	59	74	83	7	22	95	98	39	4
	69	94	78	28	96	37	12	10	46	35
	11	92	84	18	80	36	100	23	27	34
Not Find the end!
start process negative diagnol ... 
After sort is: 
5, 9, 2, 1, 0, 7, 3, 6, 4, 8, 
swap:(9, 6)-->(9, 0)
after swap: 
	77	15	54	1	6	82	90	38	70	72
	50	62	16	73	43	67	14	75	52	53
	65	13	29	31	97	42	40	51	58	79
	26	3	9	99	88	60	87	44	33	56
	66	93	55	2	[31m19[0m	[31m91[0m	41	17	64	57
	85	49	76	81	[31m8[0m	[31m20[0m	5	63	71	47
	32	25	30	89	61	48	21	86	45	68
	24	59	74	83	7	22	95	98	39	4
	69	94	78	28	96	37	12	10	46	35
	100	92	84	18	80	36	11	23	27	34
nDstNum, nSrcNum, nTag: 11, 100, 0
x, y, dstX, dstY = 9,6,9,0
vecElem.size: 9
SubElem size:511
nSrcIndex, nDstIndex: 9, 9
	77	15	54	1	6	82	90	38	70	72
	50	62	16	73	43	67	14	75	52	53
	65	13	29	31	97	42	40	51	58	79
	26	3	9	99	88	60	87	44	33	56
	66	93	55	2	19	91	41	17	64	57
	85	49	76	81	8	20	5	63	71	47
	32	25	30	89	61	48	21	86	45	68
	24	59	74	83	7	22	95	98	39	4
	69	94	78	28	96	37	12	10	46	35
	100	92	84	18	80	36	11	23	27	34
I Find it at last!!!
FindResult: 1, nRrcNum: 100, size: 3
	77	15	54	1	6	82	90	38	70	72
	50	62	16	73	43	67	14	75	52	53
	65	13	29	31	97	42	40	51	58	79
	26	3	9	99	88	60	87	44	33	56
	66	93	55	2	[31m19[0m	[31m91[0m	41	17	64	57
	85	49	76	81	[31m8[0m	[31m20[0m	5	63	71	47
	32	25	30	89	61	48	21	86	45	68
	24	59	74	83	7	22	95	98	39	4
	69	94	78	28	96	37	12	10	46	35
	100	92	84	18	80	36	11	23	27	34
After check is: 0, nTag = 0
nDstNum, nSrcNum, nTag: 11, 100, 1
x, y, dstX, dstY = 9,6,9,0
vecElem.size: 8
SubElem size:255
nSrcIndex, nDstIndex: 6, 0
	77	50	65	26	66	85	32	24	69	100
	15	62	13	3	93	49	25	59	94	92
	54	16	29	9	55	76	30	74	78	84
	1	73	31	99	2	81	89	83	28	18
	6	43	97	88	19	8	61	7	96	80
	82	67	42	60	91	20	48	22	37	36
	90	14	40	87	41	5	21	95	12	11
	38	75	51	44	17	63	86	98	10	23
	70	52	58	33	64	71	45	39	46	27
	72	53	79	56	57	47	68	4	35	34
I Find it at last!!!
FindResult: 1, nRrcNum: 100, size: 5
	77	15	54	1	6	82	90	38	70	72
	14	62	50	73	43	67	16	75	52	53
	65	13	29	31	97	42	40	51	58	79
	9	3	26	99	88	60	87	44	33	56
	41	93	66	2	[31m19[0m	[31m91[0m	55	17	64	57
	76	49	85	81	[31m8[0m	[31m20[0m	5	63	71	47
	30	25	32	89	61	48	21	86	45	68
	24	59	74	83	7	22	95	98	39	4
	69	94	78	28	96	37	12	10	46	35
	100	92	11	18	80	36	84	23	27	34
After check is: 1, nTag = 1
Binggo! bSubFind: 1, nSum: 718
	77	15	54	1	6	82	90	38	70	72
	14	62	50	73	43	67	16	75	52	53
	65	13	29	31	97	42	40	51	58	79
	9	3	26	99	88	60	87	44	33	56
	41	93	66	2	[31m19[0m	[31m91[0m	55	17	64	57
	76	49	85	81	[31m8[0m	[31m20[0m	5	63	71	47
	30	25	32	89	61	48	21	86	45	68
	24	59	74	83	7	22	95	98	39	4
	69	94	78	28	96	37	12	10	46	35
	100	92	11	18	80	36	84	23	27	34
sum1, sum2, sum = 505, 718, 505
After all check is: 0
End a circle, index: 9, bSubFind: 1
swap:(9, 0)-->(2, 7)
after swap: 
	77	15	54	1	6	82	90	38	70	72
	14	62	50	73	43	67	16	75	52	53
	65	13	29	31	97	42	40	100	58	79
	9	3	26	99	88	60	87	44	33	56
	41	93	66	2	[31m19[0m	[31m91[0m	55	17	64	57
	76	49	85	81	[31m8[0m	[31m20[0m	5	63	71	47
	30	25	32	89	61	48	21	86	45	68
	24	59	74	83	7	22	95	98	39	4
	69	94	78	28	96	37	12	10	46	35
	51	92	11	18	80	36	84	23	27	34
nDstNum, nSrcNum, nTag: 51, 100, 0
x, y, dstX, dstY = 9,0,2,7
vecElem.size: 8
SubElem size:255
nSrcIndex, nDstIndex: 9, 2
	77	15	54	1	6	82	90	38	70	72
	14	62	50	73	43	67	16	75	52	53
	65	13	29	31	97	42	40	100	58	79
	9	3	26	99	88	60	87	44	33	56
	41	93	66	2	19	91	55	17	64	57
	76	49	85	81	8	20	5	63	71	47
	30	25	32	89	61	48	21	86	45	68
	24	59	74	83	7	22	95	98	39	4
	69	94	78	28	96	37	12	10	46	35
	51	92	11	18	80	36	84	23	27	34
I Find it at last!!!
FindResult: 1, nRrcNum: 100, size: 3
	77	15	54	1	6	82	90	38	70	72
	14	62	50	18	97	42	16	75	52	79
	65	13	29	31	80	36	40	100	58	53
	9	3	26	99	88	60	87	44	33	56
	41	93	66	2	[31m19[0m	[31m91[0m	55	17	64	57
	76	49	85	81	[31m8[0m	[31m20[0m	5	63	71	47
	30	25	32	89	61	48	21	86	45	68
	24	59	74	83	7	22	95	98	39	4
	69	94	78	28	96	37	12	10	46	35
	51	92	11	73	43	67	84	23	27	34
After check is: 0, nTag = 0
nDstNum, nSrcNum, nTag: 51, 100, 1
x, y, dstX, dstY = 9,0,2,7
vecElem.size: 8
SubElem size:255
nSrcIndex, nDstIndex: 0, 7
	77	14	65	9	41	76	30	24	69	51
	15	62	13	3	93	49	25	59	94	92
	54	50	29	26	66	85	32	74	78	11
	1	18	31	99	2	81	89	83	28	73
	6	97	80	88	19	8	61	7	96	43
	82	42	36	60	91	20	48	22	37	67
	90	16	40	87	55	5	21	95	12	84
	38	75	100	44	17	63	86	98	10	23
	70	52	58	33	64	71	45	39	46	27
	72	79	53	56	57	47	68	4	35	34
I Find it at last!!!
FindResult: 1, nRrcNum: 100, size: 2
	77	15	54	1	6	82	90	38	70	72
	79	62	50	18	97	42	16	14	52	75
	65	13	29	31	80	36	40	100	58	53
	9	3	26	99	88	60	87	56	33	44
	41	93	66	2	[31m19[0m	[31m91[0m	55	17	64	57
	76	49	85	81	[31m8[0m	[31m20[0m	5	63	71	47
	68	25	32	89	61	48	21	86	45	30
	4	59	74	83	7	22	95	98	39	24
	35	94	78	28	96	37	12	10	46	69
	51	92	11	73	43	67	84	23	27	34
After check is: 1, nTag = 1
Binggo! bSubFind: 1, nSum: 718
	77	15	54	1	6	82	90	38	70	72
	79	62	50	18	97	42	16	14	52	75
	65	13	29	31	80	36	40	100	58	53
	9	3	26	99	88	60	87	56	33	44
	41	93	66	2	[31m19[0m	[31m91[0m	55	17	64	57
	76	49	85	81	[31m8[0m	[31m20[0m	5	63	71	47
	68	25	32	89	61	48	21	86	45	30
	4	59	74	83	7	22	95	98	39	24
	35	94	78	28	96	37	12	10	46	69
	51	92	11	73	43	67	84	23	27	34
sum1, sum2, sum = 505, 718, 505
After all check is: 0
End a circle, index: 2, bSubFind: 1
swap:(2, 7)-->(1, 8)
after swap: 
	77	15	54	1	6	82	90	38	70	72
	79	62	50	18	97	42	16	14	100	75
	65	13	29	31	80	36	40	52	58	53
	9	3	26	99	88	60	87	56	33	44
	41	93	66	2	[31m19[0m	[31m91[0m	55	17	64	57
	76	49	85	81	[31m8[0m	[31m20[0m	5	63	71	47
	68	25	32	89	61	48	21	86	45	30
	4	59	74	83	7	22	95	98	39	24
	35	94	78	28	96	37	12	10	46	69
	51	92	11	73	43	67	84	23	27	34
nDstNum, nSrcNum, nTag: 52, 100, 0
x, y, dstX, dstY = 2,7,1,8
vecElem.size: 8
SubElem size:255
nSrcIndex, nDstIndex: 2, 1
	77	15	54	1	6	82	90	38	70	72
	79	62	50	18	97	42	16	14	100	75
	65	13	29	31	80	36	40	52	58	53
	9	3	26	99	88	60	87	56	33	44
	41	93	66	2	19	91	55	17	64	57
	76	49	85	81	8	20	5	63	71	47
	68	25	32	89	61	48	21	86	45	30
	4	59	74	83	7	22	95	98	39	24
	35	94	78	28	96	37	12	10	46	69
	51	92	11	73	43	67	84	23	27	34
FindResult: 0, nRrcNum: 100, size: 0
	77	15	54	1	6	82	90	38	70	72
	79	62	50	18	97	42	16	14	100	75
	65	13	29	31	80	36	40	52	58	53
	9	3	26	99	88	60	87	56	33	44
	41	93	66	2	[31m19[0m	[31m91[0m	55	17	64	57
	76	49	85	81	[31m8[0m	[31m20[0m	5	63	71	47
	68	25	32	89	61	48	21	86	45	30
	4	59	74	83	7	22	95	98	39	24
	35	94	78	28	96	37	12	10	46	69
	51	92	11	73	43	67	84	23	27	34
After check is: 0, nTag = 0
100 not find, and next
swap:(3, 3)-->(1, 8)
after swap: 
	77	15	54	1	6	82	90	38	70	72
	79	62	50	18	97	42	16	14	99	75
	65	13	29	31	80	36	40	100	58	53
	9	3	26	52	88	60	87	56	33	44
	41	93	66	2	[31m19[0m	[31m91[0m	55	17	64	57
	76	49	85	81	[31m8[0m	[31m20[0m	5	63	71	47
	68	25	32	89	61	48	21	86	45	30
	4	59	74	83	7	22	95	98	39	24
	35	94	78	28	96	37	12	10	46	69
	51	92	11	73	43	67	84	23	27	34
nDstNum, nSrcNum, nTag: 52, 99, 0
x, y, dstX, dstY = 3,3,1,8
vecElem.size: 8
SubElem size:255
nSrcIndex, nDstIndex: 3, 1
	77	15	54	1	6	82	90	38	70	72
	79	62	50	18	97	42	16	14	99	75
	65	13	29	31	80	36	40	100	58	53
	9	3	26	52	88	60	87	56	33	44
	41	93	66	2	19	91	55	17	64	57
	76	49	85	81	8	20	5	63	71	47
	68	25	32	89	61	48	21	86	45	30
	4	59	74	83	7	22	95	98	39	24
	35	94	78	28	96	37	12	10	46	69
	51	92	11	73	43	67	84	23	27	34
FindResult: 0, nRrcNum: 99, size: 0
	77	15	54	1	6	82	90	38	70	72
	79	62	50	18	97	42	16	14	99	75
	65	13	29	31	80	36	40	100	58	53
	9	3	26	52	88	60	87	56	33	44
	41	93	66	2	[31m19[0m	[31m91[0m	55	17	64	57
	76	49	85	81	[31m8[0m	[31m20[0m	5	63	71	47
	68	25	32	89	61	48	21	86	45	30
	4	59	74	83	7	22	95	98	39	24
	35	94	78	28	96	37	12	10	46	69
	51	92	11	73	43	67	84	23	27	34
After check is: 0, nTag = 0
99 not find, and next
swap:(7, 7)-->(1, 8)
after swap: 
	77	15	54	1	6	82	90	38	70	72
	79	62	50	18	97	42	16	14	98	75
	65	13	29	31	80	36	40	100	58	53
	9	3	26	99	88	60	87	56	33	44
	41	93	66	2	[31m19[0m	[31m91[0m	55	17	64	57
	76	49	85	81	[31m8[0m	[31m20[0m	5	63	71	47
	68	25	32	89	61	48	21	86	45	30
	4	59	74	83	7	22	95	52	39	24
	35	94	78	28	96	37	12	10	46	69
	51	92	11	73	43	67	84	23	27	34
nDstNum, nSrcNum, nTag: 52, 98, 0
x, y, dstX, dstY = 7,7,1,8
vecElem.size: 8
SubElem size:255
nSrcIndex, nDstIndex: 7, 1
	77	15	54	1	6	82	90	38	70	72
	79	62	50	18	97	42	16	14	98	75
	65	13	29	31	80	36	40	100	58	53
	9	3	26	99	88	60	87	56	33	44
	41	93	66	2	19	91	55	17	64	57
	76	49	85	81	8	20	5	63	71	47
	68	25	32	89	61	48	21	86	45	30
	4	59	74	83	7	22	95	52	39	24
	35	94	78	28	96	37	12	10	46	69
	51	92	11	73	43	67	84	23	27	34
I Find it at last!!!
FindResult: 1, nRrcNum: 98, size: 6
	77	15	54	1	6	82	90	38	70	72
	4	62	78	28	96	42	12	10	98	75
	65	13	29	31	80	36	40	100	58	53
	9	3	26	99	88	60	87	56	33	44
	41	93	66	2	[31m19[0m	[31m91[0m	55	17	64	57
	76	49	85	81	[31m8[0m	[31m20[0m	5	63	71	47
	68	25	32	89	61	48	21	86	45	30
	35	59	74	83	7	37	95	52	39	24
	79	94	50	18	97	22	16	14	46	69
	51	92	11	73	43	67	84	23	27	34
After check is: 0, nTag = 0
nDstNum, nSrcNum, nTag: 52, 98, 1
x, y, dstX, dstY = 7,7,1,8
vecElem.size: 8
SubElem size:255
nSrcIndex, nDstIndex: 7, 8
	77	4	65	9	41	76	68	35	79	51
	15	62	13	3	93	49	25	59	94	92
	54	78	29	26	66	85	32	74	50	11
	1	28	31	99	2	81	89	83	18	73
	6	96	80	88	19	8	61	7	97	43
	82	42	36	60	91	20	48	37	22	67
	90	12	40	87	55	5	21	95	16	84
	38	10	100	56	17	63	86	52	14	23
	70	98	58	33	64	71	45	39	46	27
	72	75	53	44	57	47	30	24	69	34
I Find it at last!!!
FindResult: 1, nRrcNum: 98, size: 3
	77	38	54	1	6	82	90	15	70	72
	4	62	78	28	96	42	12	10	98	75
	65	13	29	31	80	36	40	100	58	53
	9	3	26	99	88	60	87	56	33	44
	41	93	66	2	[31m19[0m	[31m91[0m	55	17	64	57
	76	71	85	81	[31m8[0m	[31m20[0m	5	63	49	47
	68	45	32	89	61	48	21	86	25	30
	35	59	74	83	7	37	95	52	39	24
	79	94	50	18	97	22	16	14	46	69
	51	27	11	73	43	67	84	92	23	34
After check is: 1, nTag = 1
Binggo! bSubFind: 1, nSum: 764
	77	38	54	1	6	82	90	15	70	72
	4	62	78	28	96	42	12	10	98	75
	65	13	29	31	80	36	40	100	58	53
	9	3	26	99	88	60	87	56	33	44
	41	93	66	2	[31m19[0m	[31m91[0m	55	17	64	57
	76	71	85	81	[31m8[0m	[31m20[0m	5	63	49	47
	68	45	32	89	61	48	21	86	25	30
	35	59	74	83	7	37	95	52	39	24
	79	94	50	18	97	22	16	14	46	69
	51	27	11	73	43	67	84	92	23	34
sum1, sum2, sum = 459, 764, 505
After all check is: 0
End a circle, index: 1, bSubFind: 1
swap:(2, 7)-->(0, 9)
after swap: 
	77	38	54	1	6	82	90	15	70	100
	4	62	78	28	96	42	12	10	98	75
	65	13	29	31	80	36	40	72	58	53
	9	3	26	99	88	60	87	56	33	44
	41	93	66	2	[31m19[0m	[31m91[0m	55	17	64	57
	76	71	85	81	[31m8[0m	[31m20[0m	5	63	49	47
	68	45	32	89	61	48	21	86	25	30
	35	59	74	83	7	37	95	52	39	24
	79	94	50	18	97	22	16	14	46	69
	51	27	11	73	43	67	84	92	23	34
nDstNum, nSrcNum, nTag: 72, 100, 0
x, y, dstX, dstY = 2,7,0,9
vecElem.size: 8
SubElem size:255
nSrcIndex, nDstIndex: 2, 0
	77	38	54	1	6	82	90	15	70	100
	4	62	78	28	96	42	12	10	98	75
	65	13	29	31	80	36	40	72	58	53
	9	3	26	99	88	60	87	56	33	44
	41	93	66	2	19	91	55	17	64	57
	76	71	85	81	8	20	5	63	49	47
	68	45	32	89	61	48	21	86	25	30
	35	59	74	83	7	37	95	52	39	24
	79	94	50	18	97	22	16	14	46	69
	51	27	11	73	43	67	84	92	23	34
I Find it at last!!!
FindResult: 1, nRrcNum: 100, size: 4
	77	38	11	1	6	82	40	92	58	100
	4	62	78	28	96	42	12	10	98	75
	65	27	29	73	43	36	84	72	23	53
	9	3	26	99	88	60	87	56	33	44
	41	93	66	2	[31m19[0m	[31m91[0m	55	17	64	57
	76	71	85	81	[31m8[0m	[31m20[0m	5	63	49	47
	68	45	32	89	61	48	21	86	25	30
	35	59	74	83	7	37	95	52	39	24
	79	94	50	18	97	22	16	14	46	69
	51	13	54	31	80	67	90	15	70	34
After check is: 0, nTag = 0
nDstNum, nSrcNum, nTag: 72, 100, 1
x, y, dstX, dstY = 2,7,0,9
vecElem.size: 8
SubElem size:255
nSrcIndex, nDstIndex: 7, 9
	77	4	65	9	41	76	68	35	79	51
	38	62	27	3	93	71	45	59	94	13
	11	78	29	26	66	85	32	74	50	54
	1	28	73	99	2	81	89	83	18	31
	6	96	43	88	19	8	61	7	97	80
	82	42	36	60	91	20	48	37	22	67
	40	12	84	87	55	5	21	95	16	90
	92	10	72	56	17	63	86	52	14	15
	58	98	23	33	64	49	25	39	46	70
	100	75	53	44	57	47	30	24	69	34
I Find it at last!!!
FindResult: 1, nRrcNum: 100, size: 4
	77	38	11	1	6	82	40	92	58	100
	4	62	78	28	96	42	12	10	98	75
	65	27	29	73	43	36	84	72	23	53
	9	3	56	99	88	60	87	26	33	44
	41	93	57	2	[31m19[0m	[31m91[0m	55	17	64	66
	76	71	47	81	[31m8[0m	[31m20[0m	5	85	49	63
	68	45	30	89	61	48	21	86	25	32
	35	59	74	83	7	37	95	52	39	24
	79	94	69	18	97	22	16	50	46	14
	51	13	54	31	80	67	90	15	70	34
After check is: 1, nTag = 1
Binggo! bSubFind: 1, nSum: 764
	77	38	11	1	6	82	40	92	58	100
	4	62	78	28	96	42	12	10	98	75
	65	27	29	73	43	36	84	72	23	53
	9	3	56	99	88	60	87	26	33	44
	41	93	57	2	[31m19[0m	[31m91[0m	55	17	64	66
	76	71	47	81	[31m8[0m	[31m20[0m	5	85	49	63
	68	45	30	89	61	48	21	86	25	32
	35	59	74	83	7	37	95	52	39	24
	79	94	69	18	97	22	16	50	46	14
	51	13	54	31	80	67	90	15	70	34
sum1, sum2, sum = 459, 764, 505
After all check is: 0
End a circle, index: 0, bSubFind: 1
swap:(0, 9)-->(7, 2)
after swap: 
	77	38	11	1	6	82	40	92	58	74
	4	62	78	28	96	42	12	10	98	75
	65	27	29	73	43	36	84	72	23	53
	9	3	56	99	88	60	87	26	33	44
	41	93	57	2	[31m19[0m	[31m91[0m	55	17	64	66
	76	71	47	81	[31m8[0m	[31m20[0m	5	85	49	63
	68	45	30	89	61	48	21	86	25	32
	35	59	100	83	7	37	95	52	39	24
	79	94	69	18	97	22	16	50	46	14
	51	13	54	31	80	67	90	15	70	34
nDstNum, nSrcNum, nTag: 74, 100, 0
x, y, dstX, dstY = 0,9,7,2
vecElem.size: 8
SubElem size:255
nSrcIndex, nDstIndex: 0, 7
	77	38	11	1	6	82	40	92	58	74
	4	62	78	28	96	42	12	10	98	75
	65	27	29	73	43	36	84	72	23	53
	9	3	56	99	88	60	87	26	33	44
	41	93	57	2	19	91	55	17	64	66
	76	71	47	81	8	20	5	85	49	63
	68	45	30	89	61	48	21	86	25	32
	35	59	100	83	7	37	95	52	39	24
	79	94	69	18	97	22	16	50	46	14
	51	13	54	31	80	67	90	15	70	34
I Find it at last!!!
FindResult: 1, nRrcNum: 100, size: 6
	77	38	11	73	6	36	40	92	58	74
	4	62	78	28	96	42	12	10	98	75
	35	59	29	83	43	37	84	72	39	24
	9	3	56	99	88	60	87	26	33	44
	41	93	57	2	[31m19[0m	[31m91[0m	55	17	64	66
	76	71	47	81	[31m8[0m	[31m20[0m	5	85	49	63
	68	45	30	89	61	48	21	86	25	32
	65	27	100	1	7	82	95	52	23	53
	79	94	69	18	97	22	16	50	46	14
	51	13	54	31	80	67	90	15	70	34
After check is: 0, nTag = 0
nDstNum, nSrcNum, nTag: 74, 100, 1
x, y, dstX, dstY = 0,9,7,2
vecElem.size: 8
SubElem size:255
nSrcIndex, nDstIndex: 9, 2
	77	4	35	9	41	76	68	65	79	51
	38	62	59	3	93	71	45	27	94	13
	11	78	29	56	57	47	30	100	69	54
	73	28	83	99	2	81	89	1	18	31
	6	96	43	88	19	8	61	7	97	80
	36	42	37	60	91	20	48	82	22	67
	40	12	84	87	55	5	21	95	16	90
	92	10	72	26	17	85	86	52	50	15
	58	98	39	33	64	49	25	23	46	70
	74	75	24	44	66	63	32	53	14	34
I Find it at last!!!
FindResult: 1, nRrcNum: 100, size: 3
	77	38	11	73	6	36	40	92	58	74
	4	62	78	28	96	42	12	10	98	75
	35	59	29	83	43	37	84	72	39	24
	56	3	44	99	88	60	87	26	33	9
	57	93	41	2	[31m19[0m	[31m91[0m	55	17	64	66
	63	71	47	81	[31m8[0m	[31m20[0m	5	85	49	76
	30	45	32	89	61	48	21	86	25	68
	53	27	100	1	7	82	95	52	23	65
	79	94	69	18	97	22	16	50	46	14
	51	13	54	31	80	67	90	15	70	34
After check is: 1, nTag = 1
Binggo! bSubFind: 1, nSum: 764
	77	38	11	73	6	36	40	92	58	74
	4	62	78	28	96	42	12	10	98	75
	35	59	29	83	43	37	84	72	39	24
	56	3	44	99	88	60	87	26	33	9
	57	93	41	2	[31m19[0m	[31m91[0m	55	17	64	66
	63	71	47	81	[31m8[0m	[31m20[0m	5	85	49	76
	30	45	32	89	61	48	21	86	25	68
	53	27	100	1	7	82	95	52	23	65
	79	94	69	18	97	22	16	50	46	14
	51	13	54	31	80	67	90	15	70	34
sum1, sum2, sum = 459, 764, 505
After all check is: 0
End a circle, index: 7, bSubFind: 1
swap:(7, 2)-->(3, 6)
after swap: 
	77	38	11	73	6	36	40	92	58	74
